1 0.0426678931288277
1 -0.132682992956164
1 -6.88038508040039e-05
1 0.1072528482051
1 0.176238200328333
1 -0.058296388426404
1 -0.0143574967537116
1 0.0493098293211907
1 -0.0852103525332243
1 0.157163821011383
1 0.0452565262981869
1 0.0597864851707563
1 -0.149699269474417
1 -0.0488656835540182
1 0.0184574244731647
1 0.177042128416712
1 0.0668742346618572
1 0.000887508131733715
1 -0.144255373239826
1 -0.142520148382734
1 0.0193889978469002
1 -0.0621798621425903
1 -0.106814751029461
1 0.0341308320251806
1 -0.0327401442110171
1 0.0395204554632353
1 -0.0921756842361059
1 0.0348101704637688
1 0.187289340079955
1 -0.169693223810864
1 0.0203107485868351
1 -0.0376936048778324
1 0.00805148963124615
1 0.00883097135000972
1 -0.0103821352393072
1 -0.157875831460285
1 0.0922737395331298
1 -0.0255595682990339
1 -0.0224592708186903
1 0.151715756561353
1 0.108721783735203
1 0.0665302149267628
1 -0.0470810346524132
1 0.22555529541689
1 0.00978038490115195
1 -0.244937013468872
1 -0.0389249642983336
1 0.0454685294985027
1 0.0319660675975066
1 0.149382793077686
1 0.0646768372874473
1 -0.106894135828408
1 -0.0129856734903186
1 -0.0313014035785282
1 0.134068539647459
1 -0.218708842086985
1 0.00713363616299279
1 -0.13183825247285
1 -0.0178816736903157
1 6.82674563910783e-05
1 -0.0276501969609044
1 -0.026979120127492
1 -0.168631636104079
1 -0.208189585531921
1 0.0867414692360284
1 0.123643257505096
1 0.0968203712194408
1 -0.0219990991831583
1 0.000439154722855638
1 -0.20136498000605
1 0.0731977590816728
1 -0.0122774402666223
1 -0.0272233587943185
1 0.0831982504642434
1 -0.00815625062626547
1 0.041987664686717
1 -0.264088855600486
1 0.0439108018069117
1 -0.0104379216971789
1 0.00257029940790651
1 0.0764579980852113
1 -0.0699792034719584
1 -0.011798729581771
1 -0.0929270363532823
1 0.110726583234384
1 0.14894193699351
1 -0.0338585718726415
1 0.0250978446148332
1 -0.000820573358782756
1 -0.202626178076746
1 -0.037760252592303
1 -0.0890157968809586
1 0.0319091701726168
1 -0.0396595933287561
1 0.0322075941596895
1 0.0341573442870368
1 0.0445729369510297
1 -0.0842363375535541
1 -0.106803837807936
1 -0.055392860800603
